3,2
3,1
3,3
10,210
10,160
10,168
10,132
10,304
10,28
10,270
9,4
9,6
8,8
8,6
8,2
8,3
94,3
94,2
94,1
94,0
93,3
93,2
93,1
93,0
92,5
92,4
92,3
92,2
92,1
92,0
91,4
91,3
91,2
91,1
91,0
88,6
88,5
88,4
88,3
88,2
88,1
88,0
75,4
75,3
75,2
75,1
75,0
73,3
73,2
73,1
73,0
72,3
72,2
72,1
72,0
55,3
55,1
52,3
52,1
20,3
20,2
20,1
19,3
19,2
19,1
12,3
12,2
12,1
11,29
11,28
11,27
11,26
11,25
11,24
11,22
11,21
11,20
11,19
11,18
11,17
11,16
11,15
11,14
11,13
11,12
11,9
11,8
11,7
11,6
11,5
11,3
11,2
11,1
10,306
10,292
10,214
10,203
10,201
18,1
10,180
18,3
10,171
10,127
10,113
10,99
14,1
10,95
14,3
10,1
13,1
10,13
